1.000000000 0.000000000 0.000000000 0.000000000 0.000000000 1.000000000 0.000000000 0.000000000 0.000000000 0.000000000 1.000000000 0.000000000
0.999873936 0.001522132 0.015805574 0.010670661 -0.001507412 0.999998391 -0.000943180 -0.003428117 -0.015806984 0.000919236 0.999874651 0.125969097
0.999293089 0.004324728 0.037344620 0.027689308 -0.004311978 0.999990642 -0.000421941 -0.004442380 -0.037346091 0.000260613 0.999302328 0.272388846
0.997895122 0.005962942 0.064573623 0.056382656 -0.006038630 0.999981284 0.000977014 -0.005055979 -0.064566590 -0.001364893 0.997912467 0.436356604
0.995127797 0.005685941 0.098429047 0.102352142 -0.006030547 0.999976695 0.003203899 -0.003213000 -0.098408550 -0.003781870 0.995138884 0.610403717
0.990623474 0.002543018 0.136596516 0.163141161 -0.003292595 0.999980867 0.005261863 -0.004897430 -0.136580512 -0.005662282 0.990612745 0.794610798
0.984331906 -0.000291225 0.176325858 0.235809356 -0.000690280 0.999984562 0.005505065 -0.004084223 -0.176324755 -0.005540525 0.984316409 0.989513934
0.975549400 -0.000417866 0.219779983 0.320215225 -0.001069509 0.999977291 0.006648536 -0.000207145 -0.219777793 -0.006721032 0.975526750 1.194594860
0.963388264 -0.000227074 0.268110603 0.412984163 -0.002415777 0.999951661 0.009527387 0.002732552 -0.268099844 -0.009826265 0.963340998 1.411300302
0.948946178 -0.003993548 0.315412819 0.529644847 -0.001342993 0.999859631 0.016700067 -0.002405314 -0.315435261 -0.016271060 0.948807597 1.621527553
0.931853533 -0.013232715 0.362593174 0.669793367 0.004632236 0.999687135 0.024578542 -0.002017453 -0.362805009 -0.021223981 0.931623399 1.841991544
0.910531282 -0.018415095 0.413029969 0.826744139 0.007110417 0.999557257 0.028890612 -0.002389088 -0.413379073 -0.023368992 0.910259068 2.058838844
0.885076582 -0.019654000 0.465030432 0.993977726 0.005004802 0.999452233 0.032715283 0.003573127 -0.465418637 -0.026628140 0.884690046 2.287729025
0.856779993 -0.022128556 0.515207171 1.180441141 0.003346813 0.999296427 0.037354887 0.004686266 -0.515671253 -0.030280620 0.856251240 2.500656843
0.824321389 -0.026531206 0.565500081 1.367553353 0.003701065 0.999132454 0.041480668 0.009543009 -0.566110015 -0.032100447 0.823704422 2.703193903
0.788216472 -0.032024972 0.614564180 1.596035600 0.005577696 0.998975813 0.044902936 0.011695504 -0.615372777 -0.031965379 0.787587821 2.912394524
0.749692321 -0.035647444 0.660825789 1.841883659 0.005801715 0.998863876 0.047300577 0.020578161 -0.661761105 -0.031626955 0.749047339 3.132706642
0.709540308 -0.038393933 0.703618050 2.113642693 0.006521284 0.998829603 0.047926389 0.038141936 -0.704634547 -0.029417209 0.708960235 3.340330124
0.667060196 -0.040227592 0.743916929 2.413292885 0.005451150 0.998777926 0.049121324 0.051755965 -0.744983852 -0.028711680 0.666464329 3.565879345
0.624250710 -0.040231161 0.780187488 2.744861841 0.000554527 0.998695672 0.051055070 0.069782004 -0.781223893 -0.031438526 0.623458743 3.786152840
0.582326710 -0.040851947 0.811927736 3.087920189 -0.002681541 0.998634636 0.052169301 0.082634822 -0.812950432 -0.032556798 0.581422091 3.994832993
0.541492701 -0.041983787 0.839656413 3.465694904 -0.004614009 0.998588800 0.052906144 0.102542296 -0.840692818 -0.032522481 0.540534914 4.204404831
0.502681732 -0.043990757 0.863351524 3.875470638 -0.006502869 0.998483777 0.054662466 0.120024249 -0.864447117 -0.033092089 0.501633465 4.412578583
0.465448529 -0.043843646 0.883988321 4.298985004 -0.009261378 0.998476386 0.054398391 0.136424378 -0.885026515 -0.033506598 0.464333296 4.611403465
0.428900123 -0.042921573 0.902331591 4.761133671 -0.010488322 0.998566687 0.052484576 0.159850672 -0.903291047 -0.031974580 0.427835137 4.801859856
0.395184606 -0.041400138 0.917668223 5.250445366 -0.009397896 0.998749375 0.049105171 0.182325989 -0.918553650 -0.028029758 0.394301295 4.984596252
0.365893364 -0.039877906 0.929802060 5.762026787 -0.006904654 0.998937726 0.045560140 0.200021848 -0.930631161 -0.023090111 0.365229279 5.159931660
0.340523064 -0.037900969 0.939472020 6.309690952 -0.005956910 0.999080181 0.042464882 0.224501550 -0.940217257 -0.020056620 0.339984030 5.338331223
0.320518196 -0.037598103 0.946495950 6.879831314 -0.004364679 0.999142706 0.041167457 0.246566311 -0.947232246 -0.017326068 0.320079267 5.513786793
0.305718780 -0.038012911 0.951362789 7.486897945 -0.003291906 0.999154508 0.040980347 0.270498663 -0.952116132 -0.015660258 0.305335224 5.699854851
0.293874115 -0.039311122 0.955035329 8.121131897 -0.002830973 0.999113858 0.041996591 0.294101983 -0.955839932 -0.015045391 0.293502331 5.900243282
0.282874167 -0.040743552 0.958291233 8.780274391 -0.004099904 0.999036908 0.043686166 0.326265097 -0.959148288 -0.016286587 0.282434642 6.092437744
0.272194833 -0.042480949 0.961304009 9.457085609 -0.005464687 0.998940647 0.045691486 0.353747904 -0.962226570 -0.017690212 0.271674365 6.285526752
0.262611419 -0.044573616 0.963871539 10.150743484 -0.006274066 0.998832464 0.047899753 0.377190024 -0.964881301 -0.018626416 0.262025088 6.461863518
0.252214074 -0.046221152 0.966566920 10.886218071 -0.007352915 0.998738229 0.049678236 0.408717513 -0.967643499 -0.019636637 0.251555979 6.658070087
0.241811141 -0.047514159 0.969159365 11.631627083 -0.007406070 0.998680890 0.050809354 0.444144726 -0.970295012 -0.019463928 0.241140276 6.842568398
0.231339201 -0.048855275 0.971645594 12.384448051 -0.007540515 0.998618245 0.052006807 0.473751545 -0.972843885 -0.019357922 0.230651170 7.023971558
0.221312284 -0.052024603 0.973814309 13.164987564 -0.008832064 0.998428166 0.055346768 0.506781399 -0.975162983 -0.020849712 0.220504925 7.190835953
0.209394947 -0.055350684 0.976263344 13.972228050 -0.011208390 0.998195112 0.058998182 0.543767452 -0.977766931 -0.023296259 0.208396599 7.377215385
0.197333723 -0.059202842 0.978547156 14.771606445 -0.011839707 0.997958064 0.062764816 0.580739737 -0.980264843 -0.023971329 0.196229860 7.531972885
0.184258088 -0.061075028 0.980978489 15.567051888 -0.012896222 0.997831404 0.064546578 0.620693326 -0.982793331 -0.024544146 0.183070868 7.682214737
0.169622391 -0.061459851 0.983590841 16.381978989 -0.012904806 0.997829378 0.064575009 0.664274216 -0.985424638 -0.023646414 0.168461084 7.832305908
0.154939577 -0.060305599 0.986081600 17.182685852 -0.014792592 0.997881651 0.063351557 0.698698223 -0.987813175 -0.024402363 0.153719261 7.964524269
0.138297498 -0.059412673 0.988607109 18.001550674 -0.015299989 0.997951806 0.062114596 0.733707130 -0.990272582 -0.023715967 0.137105212 8.076395035
0.117963403 -0.057887677 0.991329193 18.819221497 -0.017976204 0.998011351 0.060416948 0.769071281 -0.992855251 -0.024947325 0.116688214 8.168889999
0.092896581 -0.056080718 0.994095206 19.653718948 -0.022076009 0.998051047 0.058366850 0.808557630 -0.995431006 -0.027367733 0.091477513 8.241611481
0.061938372 -0.056318939 0.996489763 20.500511169 -0.026014324 0.997976422 0.058019921 0.832723141 -0.997740924 -0.029516667 0.060347937 8.300915718
0.028016794 -0.056129836 0.998030186 21.341754913 -0.029471591 0.997941852 0.056952182 0.868826449 -0.999172926 -0.031009160 0.026304893 8.329480171
-0.006179120 -0.055954661 0.998414218 22.172464371 -0.030470356 0.997980177 0.055741765 0.892529011 -0.999516666 -0.030077601 -0.007871587 8.312889099
-0.039361164 -0.054592971 0.997732520 23.021459579 -0.031787015 0.998069465 0.053357385 0.923359334 -0.998719394 -0.029614732 -0.041020524 8.266384125
-0.072517000 -0.052388433 0.995990276 23.880754471 -0.033444237 0.998185635 0.050068870 0.952225447 -0.996806264 -0.029679293 -0.074137516 8.200275421
-0.105489284 -0.049244951 0.993200302 24.730552673 -0.035814878 0.998313248 0.045694508 0.979829669 -0.993775308 -0.030751072 -0.107075058 8.110909462
-0.137427896 -0.045015249 0.989488363 25.567321777 -0.032242138 0.998640716 0.040953584 0.994189084 -0.989986777 -0.026275054 -0.138692498 7.976816177
-0.169063956 -0.039251782 0.984823227 26.390726089 -0.027814381 0.998998702 0.035041895 1.008117557 -0.985212505 -0.021467924 -0.169986427 7.819245338
-0.199222118 -0.032804355 0.979405105 27.204082489 -0.021775912 0.999340951 0.029042624 1.021556854 -0.979712367 -0.015541509 -0.199805140 7.641414165
-0.228128165 -0.027208298 0.973250926 28.029123306 -0.015552215 0.999583721 0.024299053 1.026953697 -0.973506868 -0.009592909 -0.228456363 7.428759098
-0.255742460 -0.020850243 0.966520071 28.840734482 -0.007260459 0.999780536 0.019646632 1.034011006 -0.966717839 -0.001992900 -0.255837709 7.195959568
-0.282019496 -0.010643991 0.959349632 29.646858215 -0.001076480 0.999941230 0.010777904 1.024636030 -0.959408164 0.002006859 -0.282014370 6.938656330
-0.307380557 0.005026689 0.951573312 30.430421829 0.003191813 0.999985814 -0.004251397 1.013252139 -0.951581299 0.001730447 -0.307392299 6.679787636
-0.331971109 0.022253802 0.943026960 31.203329086 0.004613544 0.999747932 -0.021968227 0.988130689 -0.943278253 -0.002942121 -0.331990182 6.394515038
-0.357156485 0.036970217 0.933312654 31.984958649 0.004440962 0.999272227 -0.037883554 0.958992720 -0.934033930 -0.009385548 -0.357060730 6.095055580
-0.381461442 0.047229674 0.923177421 32.745227814 0.008309894 0.998828769 -0.047666293 0.913048744 -0.924347341 -0.010511346 -0.381407142 5.769205093
-0.404633850 0.051548153 0.913024724 33.497215271 0.011807530 0.998621225 -0.051147968 0.861398458 -0.914402544 -0.009915628 -0.404684663 5.417308807
-0.427364796 0.051236577 0.902626216 34.239753723 0.015229801 0.998659134 -0.049476959 0.807876587 -0.903950989 -0.007397891 -0.427572161 5.063512802
-0.447693765 0.047055289 0.892947972 34.971454620 0.018357234 0.998887599 -0.043434255 0.756195426 -0.893998563 -0.003053187 -0.448059589 4.685469627
-0.465866774 0.045739833 0.883671880 35.685539246 0.026155744 0.998938560 -0.037916999 0.706306815 -0.884468198 0.005448821 -0.466568649 4.299223900
-0.478751451 0.046272300 0.876730263 36.411701202 0.028984090 0.998898923 -0.036892951 0.654528141 -0.877471924 0.007748675 -0.479565412 3.880539894
-0.489548564 0.050505694 0.870512187 37.108097076 0.033074748 0.998678267 -0.039341487 0.608757615 -0.871348619 0.009532399 -0.490571976 3.474454880
-0.499559492 0.052955057 0.864659488 37.801780701 0.033562306 0.998563707 -0.041765127 0.563278794 -0.865629196 0.008155800 -0.500619233 3.068805695
-0.510391831 0.052286141 0.858350873 38.489917755 0.027441049 0.998631775 -0.044514328 0.513299227 -0.859503984 0.000834300 -0.511128306 2.667831421
-0.521547318 0.050557818 0.851723135 39.185768127 0.026686944 0.998721063 -0.042941954 0.460669756 -0.852804899 0.000333627 -0.522229552 2.247093201
-0.530054450 0.051743876 0.846383393 39.857387543 0.028674325 0.998659313 -0.043095779 0.414186001 -0.847478628 0.001426363 -0.530827582 1.818656921
-0.537336767 0.055014204 0.841571450 40.539096832 0.031748369 0.998482287 -0.045000508 0.368232012 -0.842769921 0.002538094 -0.538267910 1.377918243
-0.540689826 0.057853620 0.839230299 41.232185364 0.033084475 0.998322785 -0.047505621 0.323755264 -0.840571165 0.002079688 -0.541697085 0.925878525
-0.540293276 0.060253620 0.839316845 41.932151794 0.032834917 0.998183072 -0.050521635 0.277715445 -0.840835869 0.000262396 -0.541290045 0.476024628
-0.536973059 0.060427837 0.841432452 42.657768250 0.034710284 0.998169184 -0.049533054 0.229596496 -0.842884898 0.002608443 -0.538087308 0.010951996
-0.531209648 0.059160605 0.845172465 43.392642975 0.033098824 0.998246670 -0.049072191 0.171257615 -0.846593678 0.001906590 -0.532236338 -0.443733215
-0.524497867 0.057654515 0.849457324 44.138923645 0.030560177 0.998336554 -0.048889868 0.124020338 -0.850863099 0.000316937 -0.525387287 -0.889455795
-0.517392337 0.057068486 0.853843331 44.912128448 0.028981527 0.998370051 -0.049166691 0.069949627 -0.855257452 -0.000692779 -0.518202841 -1.350896835
-0.511625946 0.055752534 0.857397497 45.702529907 0.025859974 0.998439729 -0.049492691 0.018540382 -0.858819008 -0.003149466 -0.512269378 -1.805059433
-0.506739140 0.053361043 0.860446393 46.511932373 0.021545250 0.998554647 -0.049237341 -0.037273169 -0.861830115 -0.006411958 -0.507156491 -2.284313202
-0.505469680 0.050528936 0.861363590 47.336269379 0.017534407 0.998679280 -0.048294451 -0.095316410 -0.862666130 -0.009307882 -0.505688071 -2.754613876
-0.506031513 0.048053280 0.861175358 48.172771454 0.014398891 0.998778343 -0.047270611 -0.151615024 -0.862394810 -0.011520450 -0.506105244 -3.232423782
-0.507040441 0.046877775 0.860646546 49.017246246 0.013292901 0.998826444 -0.046572801 -0.210880756 -0.861819744 -0.012173808 -0.507068574 -3.720952988
-0.507447362 0.046185870 0.860444009 49.880149841 0.012872392 0.998857379 -0.046023957 -0.263736129 -0.861586630 -0.012278764 -0.507462144 -4.226739883
-0.507705629 0.045872718 0.860308468 50.747970581 0.013059672 0.998876512 -0.045554247 -0.319917440 -0.861431599 -0.011892799 -0.507734358 -4.734365463
-0.507676303 0.044676814 0.860388637 51.636421204 0.012776135 0.998935163 -0.044332400 -0.378494978 -0.861453176 -0.011514063 -0.507706583 -5.253726959
-0.507803500 0.044625141 0.860316336 52.521183014 0.012908329 0.998939455 -0.044196438 -0.437548995 -0.861376226 -0.011337860 -0.507840991 -5.772220612
-0.507896364 0.043082539 0.860340178 53.417709351 0.010819051 0.998988807 -0.043638580 -0.494604230 -0.861350238 -0.012855807 -0.507848918 -6.298473358
-0.507995248 0.042132873 0.860328794 54.298412323 0.009915059 0.999022782 -0.043070629 -0.556344748 -0.861302793 -0.013349460 -0.507916629 -6.808328629
-0.507318676 0.041537225 0.860756814 55.190414429 0.009239535 0.999042511 -0.042764761 -0.621053815 -0.861708939 -0.013742370 -0.507216692 -7.329072952
-0.506120324 0.039983224 0.861535668 56.074924469 0.008780280 0.999111950 -0.041209951 -0.678076625 -0.862418175 -0.013292668 -0.506021798 -7.843175888
-0.503954530 0.037845522 0.862900615 56.963706970 0.008795912 0.999212801 -0.038686931 -0.738314629 -0.863685429 -0.011906458 -0.503890574 -8.359462738
-0.501407981 0.036239766 0.864451706 57.845134735 0.009320281 0.999290764 -0.036486484 -0.799723983 -0.865160763 -0.010237675 -0.501390100 -8.868360519
-0.499285787 0.036071442 0.865686178 58.732582092 0.009151823 0.999296844 -0.036360402 -0.852425575 -0.866388977 -0.010231625 -0.499264836 -9.369676590
-0.497483522 0.036410514 0.866708994 59.614147186 0.009509559 0.999287605 -0.036521751 -0.909021497 -0.867421269 -0.009926948 -0.497475296 -9.868671417
-0.496297866 0.036969043 0.867364824 60.495750427 0.009592359 0.999265432 -0.037102286 -0.967557549 -0.868099272 -0.010093709 -0.496287912 -10.370998383
-0.496986598 0.038123719 0.866920352 61.383247375 0.008827769 0.999204874 -0.038880292 -1.026352167 -0.867713273 -0.011670018 -0.496928036 -10.876232147
-0.499969840 0.039921377 0.865122259 62.257049561 0.007725469 0.999102831 -0.041639268 -1.083150983 -0.866008341 -0.014134906 -0.499829620 -11.372129440
-0.504484713 0.040248521 0.862482071 63.118183136 0.006721911 0.999065697 -0.042690530 -1.148042560 -0.863394439 -0.015739191 -0.504283965 -11.872068405
-0.509870946 0.039153732 0.859359443 63.993350983 0.007505171 0.999128044 -0.041068882 -1.197673321 -0.860217988 -0.014490194 -0.509720206 -12.392601013
-0.515393019 0.036809485 0.856163025 64.850860596 0.008570204 0.999248505 -0.037802145 -1.257050633 -0.856911004 -0.012145472 -0.515321136 -12.906270981
-0.521308064 0.034286171 0.852679491 65.689353943 0.006131903 0.999317229 -0.036433559 -1.314026833 -0.853346467 -0.013764560 -0.521162450 -13.400543213
-0.525463283 0.037913896 0.849971116 66.577369690 0.008170747 0.999185443 -0.039518502 -1.366823792 -0.850777030 -0.013820627 -0.525345027 -13.953504562
-0.530780375 0.039808642 0.846573949 67.417579651 0.008524681 0.999096513 -0.041635990 -1.416586161 -0.847466588 -0.014882796 -0.530640185 -14.473594666
-0.535454154 0.040491942 0.843593061 68.240615845 0.007551717 0.999039590 -0.043159973 -1.481441855 -0.844530523 -0.016739612 -0.535245717 -14.985481262
-0.538956940 0.040186666 0.841374040 69.058502197 0.006247273 0.999024510 -0.043714743 -1.545638800 -0.842310011 -0.018304076 -0.538682342 -15.508190155
-0.542486906 0.039849907 0.839118540 69.881454468 0.007327350 0.999060690 -0.042708486 -1.600991607 -0.840032279 -0.017020280 -0.542269349 -16.031036377
-0.544843853 0.032937188 0.837890387 70.702392578 0.007888855 0.999385417 -0.034155715 -1.652479649 -0.838500440 -0.011999532 -0.544768870 -16.563724518
-0.547257245 0.023995953 0.836620450 71.526107788 0.007121784 0.999686241 -0.024014447 -1.706148624 -0.836934149 -0.007183850 -0.547256410 -17.093072891
-0.548723221 0.022782099 0.835693538 72.338211060 0.008251769 0.999727488 -0.021835700 -1.747990012 -0.835963368 -0.005085809 -0.548761785 -17.624761581
-0.549582660 0.027344998 0.834991753 73.134277344 0.008160093 0.999592245 -0.027364586 -1.788217306 -0.835399449 -0.008225490 -0.549581647 -18.152814865
-0.551009476 0.033772424 0.833815396 73.928459167 0.009806406 0.999373853 -0.033997759 -1.830770969 -0.834441364 -0.010556357 -0.550995588 -18.667110443
-0.551154435 0.037502021 0.833560050 74.728347778 0.015718864 0.999278843 -0.034564346 -1.883125424 -0.834255040 -0.005947676 -0.551346540 -19.210886002
-0.551125526 0.039146725 0.833503544 75.518875122 0.019263508 0.999229550 -0.034192957 -1.931255341 -0.834200025 -0.002788412 -0.551455021 -19.741565704
-0.550758302 0.035417799 0.833913088 76.321090698 0.017130556 0.999368489 -0.031131113 -1.973175764 -0.834488988 -0.002860326 -0.551017225 -20.264171600
-0.550132096 0.030819837 0.834508777 77.116378784 0.016126225 0.999524355 -0.026283281 -2.014480591 -0.834921896 -0.001001804 -0.550367594 -20.787126541
-0.549825191 0.023621919 0.834945679 77.930595398 0.012621227 0.999720871 -0.019972390 -2.056680679 -0.835184395 -0.000443282 -0.549969852 -21.304994583
-0.549734354 0.017985141 0.835145891 78.729110718 0.004102054 0.999814272 -0.018831154 -2.092536449 -0.835329473 -0.006926320 -0.549706042 -21.802738190
-0.547563314 0.013249312 0.836659253 79.524429321 -0.002804229 0.999839962 -0.017668704 -2.122650862 -0.836759567 -0.012020919 -0.547438502 -22.317672729
-0.546145737 0.013630089 0.837579250 80.319427490 -0.000574137 0.999861300 -0.016645301 -2.154632092 -0.837690055 -0.009571646 -0.546062052 -22.822008133
-0.542602420 0.017011527 0.839817405 81.112182617 0.004053005 0.999836266 -0.017634276 -2.190908909 -0.839980066 -0.006164613 -0.542582452 -23.345092773
-0.537329972 0.020268831 0.843128562 81.901794434 0.005934299 0.999777257 -0.020252710 -2.218880653 -0.843351245 -0.005879010 -0.537330627 -23.846275330
-0.529713929 0.022373872 0.847881198 82.695159912 0.010876767 0.999749064 -0.019586096 -2.255125284 -0.848106623 -0.001152818 -0.529824317 -24.341156006
-0.520992756 0.026065646 0.853162944 83.489654541 0.018430136 0.999644101 -0.019286351 -2.290916443 -0.853362083 0.005675864 -0.521287620 -24.845746994
-0.512058854 0.025159370 0.858581781 84.309600830 0.016104009 0.999676347 -0.019689484 -2.323671579 -0.858799458 0.003744436 -0.512298286 -25.314805984
-0.501365721 0.022811392 0.864934683 85.092124939 0.013910166 0.999735653 -0.018303445 -2.353023291 -0.865123510 0.002854664 -0.501550615 -25.754503250
-0.490306586 0.019717487 0.871326983 85.903518677 0.013850307 0.999794066 -0.014830859 -2.383474350 -0.871439993 0.004796480 -0.490478754 -26.199394226
-0.478649586 0.018671202 0.877807498 86.716690063 0.013115034 0.999814391 -0.014114972 -2.415473223 -0.877907991 0.004756350 -0.478805602 -26.646104813
-0.467342794 0.017790996 0.883897185 87.533905029 0.013764480 0.999822736 -0.012846642 -2.442427635 -0.883969009 0.006162599 -0.467504859 -27.061134338
-0.455296427 0.018479172 0.890148103 88.370803833 0.014836574 0.999803364 -0.013166905 -2.475134850 -0.890216291 0.007211905 -0.455480993 -27.487541199
-0.443381220 0.022254998 0.896056771 89.197319031 0.014960321 0.999736309 -0.017427469 -2.513369083 -0.896208346 0.005678287 -0.443597138 -27.890865326
-0.431715548 0.031376064 0.901463866 90.024932861 0.016973952 0.999500513 -0.026659381 -2.545178890 -0.901850104 0.003792136 -0.432032466 -28.285634995
-0.419714034 0.036264487 0.906931579 90.855148315 0.016773829 0.999340832 -0.032196879 -2.577857971 -0.907501459 0.001699232 -0.420045584 -28.657743454
-0.407665819 0.032684337 0.912545979 91.702735901 0.013900874 0.999465525 -0.029587507 -2.612129688 -0.913025320 0.000623371 -0.407902271 -29.039703369
-0.396204889 0.029052563 0.917702377 92.545104980 0.011913223 0.999577761 -0.026501209 -2.653098106 -0.918084800 0.000432883 -0.396383733 -29.395376205
-0.386249691 0.029605996 0.921918988 93.390312195 0.009223508 0.999558687 -0.028234970 -2.698364973 -0.922348201 -0.002402423 -0.386352390 -29.741022110
-0.378914982 0.034296457 0.924795687 94.239509583 0.005626832 0.999379873 -0.034756970 -2.746695995 -0.925414383 -0.007966266 -0.378872991 -30.082273483
-0.374202281 0.039363451 0.926511288 95.078971863 0.000225161 0.999102473 -0.042356603 -2.791155338 -0.927347064 -0.015641322 -0.373875350 -30.404117584
-0.370981693 0.041751482 0.927701175 95.926925659 -0.001709269 0.998956323 -0.045641873 -2.844468594 -0.928638697 -0.018517992 -0.370523185 -30.730422974
-0.367287636 0.041033935 0.929201782 96.759025574 -0.003731834 0.998953223 -0.045589276 -2.899832726 -0.930099905 -0.020212010 -0.366750151 -31.053083420
-0.362805545 0.041073877 0.930959165 97.592674255 -0.004984464 0.998928249 -0.046015173 -2.951080322 -0.931851506 -0.021334892 -0.362212032 -31.364868164
-0.356059611 0.036864106 0.933735847 98.452590942 -0.007414152 0.999078691 -0.042271085 -3.005709171 -0.934433937 -0.021973882 -0.355458289 -31.696170807
-0.351098657 0.033226531 0.935748756 99.290786743 -0.007033393 0.999248385 -0.038120247 -3.057966709 -0.936312079 -0.019965457 -0.350601107 -31.998760223
-0.345272154 0.030109059 0.938019574 100.139900208 -0.009379704 0.999324679 -0.035529405 -3.108421803 -0.938455641 -0.021065660 -0.344756514 -32.302787781
-0.339643121 0.028183093 0.940132022 100.995574951 -0.017972868 0.999173939 -0.036446132 -3.157973289 -0.940382659 -0.029275542 -0.338856041 -32.594894409
-0.334052891 0.028299376 0.942129433 101.836814880 -0.024737397 0.998941600 -0.038777079 -3.205607891 -0.942229629 -0.036259428 -0.332999319 -32.866294861
-0.326889694 0.032233540 0.944512665 102.691528320 -0.022367191 0.998874366 -0.041829895 -3.261229515 -0.944797814 -0.034799859 -0.325800776 -33.161819458
-0.320571750 0.035981480 0.946540534 103.536964417 -0.021990601 0.998726308 -0.045412961 -3.301751614 -0.946968973 -0.035373110 -0.319372147 -33.433471680
-0.313356787 0.034052044 0.949024737 104.407379150 -0.022609759 0.998806000 -0.043303732 -3.358653545 -0.949366271 -0.035026737 -0.312212765 -33.719963074
-0.306699574 0.029147889 0.951359928 105.262443542 -0.023124820 0.999007702 -0.038062707 -3.409862995 -0.951525331 -0.033673842 -0.305721223 -33.984477997
-0.298993409 0.026462624 0.953888118 106.126647949 -0.023875160 0.999095023 -0.035200343 -3.462971926 -0.953956485 -0.033298902 -0.298090935 -34.257728577
-0.293044388 0.029647840 0.955639064 106.980247498 -0.026531866 0.998881876 -0.039125346 -3.506977320 -0.955730736 -0.036820337 -0.291930109 -34.506839752
-0.286606193 0.032247238 0.957505643 107.834182739 -0.025733680 0.998813629 -0.041341178 -3.559262753 -0.957702816 -0.036488779 -0.285436332 -34.754264832
-0.279847056 0.032650791 0.959489286 108.689704895 -0.027735870 0.998729408 -0.042075623 -3.607698441 -0.959643900 -0.038387012 -0.278585970 -34.992546082
-0.273035675 0.032305982 0.961461306 109.551361084 -0.027473835 0.998766363 -0.041361488 -3.660841942 -0.961611509 -0.037708189 -0.271811366 -35.230651855
-0.264696270 0.032062981 0.963798642 110.410003662 -0.023751605 0.998927116 -0.039754726 -3.712997437 -0.964039266 -0.033414692 -0.263650715 -35.468128204
-0.257165909 0.033548351 0.965784729 111.265357971 -0.021030212 0.998966277 -0.040300835 -3.760967970 -0.966138422 -0.030674659 -0.256194502 -35.695354462
-0.250704914 0.033625130 0.967479408 112.123558044 -0.020142769 0.998998940 -0.039940249 -3.813212872 -0.967853904 -0.029500937 -0.249776632 -35.908851624
-0.244100377 0.032590032 0.969202220 112.990242004 -0.026174450 0.998849571 -0.040179159 -3.859159470 -0.969396651 -0.035176083 -0.242966488 -36.111312866
-0.238249466 0.030760052 0.970716774 113.857437134 -0.030622359 0.998763382 -0.039164644 -3.907190323 -0.970721066 -0.039056584 -0.237012953 -36.310543060
-0.233924761 0.030819571 0.971766114 114.735122681 -0.028273512 0.998859107 -0.038484856 -3.955951691 -0.971843421 -0.036477804 -0.232786506 -36.513164520
-0.229540676 0.031131662 0.972801089 115.601440430 -0.026662242 0.998912096 -0.038258452 -4.006731987 -0.972933829 -0.034718931 -0.228460923 -36.708507538
-0.224389493 0.032754432 0.973948956 116.467819214 -0.025039582 0.998911202 -0.039362837 -4.057515144 -0.974177837 -0.033219881 -0.223325014 -36.912616730
-0.218378976 0.031472992 0.975356400 117.327110291 -0.018987563 0.999153554 -0.036492135 -4.104800224 -0.975679278 -0.026488759 -0.217596561 -37.104438782
-0.213113278 0.030447396 0.976553023 118.201812744 -0.011867272 0.999359846 -0.033748280 -4.148474693 -0.976955354 -0.018781226 -0.212615550 -37.301643372
-0.208045080 0.030014750 0.977658689 119.076583862 -0.010057384 0.999410629 -0.032822758 -4.192826748 -0.978067398 -0.016661301 -0.207620576 -37.487510681
-0.203812778 0.031087633 0.978516221 119.948066711 -0.012151544 0.999338388 -0.034280170 -4.239717007 -0.978934407 -0.018877221 -0.203300133 -37.663372040
-0.200179636 0.032726821 0.979212463 120.833061218 -0.013671461 0.999251246 -0.036191396 -4.285411358 -0.979663789 -0.020632051 -0.199582338 -37.840770721
-0.198388845 0.032238025 0.979593098 121.702484131 -0.016425397 0.999209225 -0.036210082 -4.329444885 -0.979985774 -0.023273889 -0.197702423 -38.006328583
-0.197724819 0.031428490 0.979753613 122.575279236 -0.016570069 0.999235928 -0.035397463 -4.370420456 -0.980117500 -0.023233540 -0.197052985 -38.171916962
-0.196899876 0.026300110 0.980070770 123.448104858 -0.015778949 0.999425709 -0.029989548 -4.418900490 -0.980296671 -0.021369426 -0.196371779 -38.344497681
-0.196067259 0.021946704 0.980344832 124.323402405 -0.016993806 0.999523342 -0.025774777 -4.454753399 -0.980443120 -0.021713382 -0.195600823 -38.513027191
-0.195018753 0.020085214 0.980593860 125.191551208 -0.016572535 0.999580085 -0.023770019 -4.494496822 -0.980659425 -0.020886526 -0.194604009 -38.683834076
-0.193702489 0.024163468 0.980762661 126.045234680 -0.017197357 0.999459326 -0.028020617 -4.539884090 -0.980909526 -0.022294190 -0.193182215 -38.849548340
-0.193632290 0.028580625 0.980657816 126.928230286 -0.015705828 0.999357224 -0.032226745 -4.576324463 -0.980948389 -0.021642182 -0.193058953 -39.023281097
-0.194111869 0.027420418 0.980596066 127.762687683 -0.019961467 0.999291897 -0.031894643 -4.613392353 -0.980776310 -0.025765261 -0.193427071 -39.171752930
-0.193717763 0.026187139 0.980707705 128.612319946 -0.021898430 0.999279201 -0.031008607 -4.660054684 -0.980812907 -0.027482875 -0.193004712 -39.329490662
-0.192691907 0.027817937 0.980864823 129.452468872 -0.017358785 0.999345064 -0.031752191 -4.698273659 -0.981105745 -0.023145011 -0.192082807 -39.500587463
-0.191327393 0.029884715 0.981071115 130.304656982 -0.020260474 0.999203205 -0.034388214 -4.738285542 -0.981317103 -0.026456371 -0.190569475 -39.671669006
-0.191880554 0.030631438 0.980940163 131.132812500 -0.026466360 0.998987794 -0.036372054 -4.788813591 -0.981061339 -0.032940999 -0.190875590 -39.811855316
-0.190939561 0.031668101 0.981090844 131.966613770 -0.032399438 0.998731554 -0.038543083 -4.837924004 -0.981066883 -0.039146189 -0.189671323 -39.962768555
-0.190791398 0.035362966 0.980993509 132.795074463 -0.029023128 0.998710871 -0.041646291 -4.885384083 -0.981201410 -0.036417253 -0.189519092 -40.118129730
-0.190621912 0.036649376 0.980979085 133.614166260 -0.027960030 0.998694718 -0.042744365 -4.933227062 -0.981265187 -0.035576224 -0.189348415 -40.273330688
-0.188829511 0.037640713 0.981288195 134.434158325 -0.029341277 0.998602748 -0.043951016 -4.980422974 -0.981571376 -0.037091501 -0.187461257 -40.425998688
-0.186794013 0.037235059 0.981693208 135.253723145 -0.020208426 0.998924375 -0.041733835 -5.029400826 -0.982191145 -0.027634101 -0.185840607 -40.587821960
-0.182938010 0.034056615 0.982534409 136.070922852 -0.013779115 0.999212801 -0.037200261 -5.080129623 -0.983027875 -0.020343799 -0.182324767 -40.751556396
-0.180865198 0.028951775 0.983081639 136.887390137 -0.009999767 0.999460876 -0.031273868 -5.127526283 -0.983457148 -0.015486946 -0.180478156 -40.904769897
-0.177249923 0.028569805 0.983751118 137.695388794 -0.008402972 0.999498188 -0.030541155 -5.170227528 -0.984130025 -0.013679853 -0.176920936 -41.049648285
-0.172097415 0.033633236 0.984505594 138.498565674 -0.006982429 0.999350250 -0.035360940 -5.215705872 -0.985055208 -0.012959768 -0.171750769 -41.192440033
-0.165679261 0.036665481 0.985497832 139.290100098 -0.006624209 0.999244690 -0.038290586 -5.257655621 -0.986157358 -0.012872095 -0.165311262 -41.320533752
-0.157799393 0.037533760 0.986757636 140.089050293 -0.006697520 0.999213755 -0.039078612 -5.294479847 -0.987448394 -0.012775409 -0.157423958 -41.440261841
-0.148127422 0.033272222 0.988408446 140.883056641 -0.005000139 0.999395907 -0.034391433 -5.335895538 -0.988955557 -0.010036495 -0.147871584 -41.555969238
-0.136299536 0.031770620 0.990158081 141.677398682 -0.001568072 0.999477386 -0.032285497 -5.380585194 -0.990666389 -0.005953138 -0.136178493 -41.662384033
-0.122421488 0.034492251 0.991878629 142.466217041 0.002603784 0.999403656 -0.034432560 -5.418452263 -0.992474794 -0.001632648 -0.122438289 -41.762100220
-0.108076498 0.035584752 0.993505478 143.252166748 0.002105470 0.999365211 -0.035565589 -5.457775116 -0.994140327 -0.001752007 -0.108082801 -41.843971252
-0.094466500 0.035671733 0.994888663 144.042922974 0.003158468 0.999363542 -0.035532281 -5.497135162 -0.995523036 -0.000214286 -0.094519034 -41.914279938
-0.081131771 0.037358653 0.996002913 144.822937012 0.003653344 0.999301791 -0.037184794 -5.540171623 -0.996696711 0.000621874 -0.081211612 -41.971714020
-0.067168728 0.043483302 0.996793628 145.592407227 0.001130452 0.999052525 -0.043505669 -5.591266632 -0.997740984 -0.001795394 -0.067154244 -42.016250610
-0.054441571 0.052535057 0.997133911 146.353225708 -0.005868070 0.998580873 -0.052931681 -5.638476372 -0.998499751 -0.008732936 -0.054056041 -42.041374207
-0.040880572 0.060615957 0.997323632 147.116455078 -0.010290558 0.998079598 -0.061083712 -5.685886860 -0.999111056 -0.012760154 -0.040178299 -42.058032990
-0.027617961 0.061164707 0.997745454 147.882705688 -0.010951335 0.998047829 -0.061486382 -5.738059998 -0.999558508 -0.012624773 -0.026894214 -42.073234558
-0.015751965 0.057280388 0.998233855 148.646972656 -0.014322096 0.998242319 -0.057506878 -5.795653343 -0.999773383 -0.015202645 -0.014903903 -42.071826935
-0.004968078 0.055068064 0.998470247 149.417037964 -0.018392371 0.998308659 -0.055150665 -5.854413986 -0.999818623 -0.018638225 -0.003946842 -42.065162659
0.003855661 0.061704241 0.998087108 150.170806885 -0.022587748 0.997845232 -0.061602026 -5.912728310 -0.999737442 -0.022307022 0.005241113 -42.048267365
0.010283656 0.069454782 0.997532070 150.921646118 -0.026332498 0.997257710 -0.069164217 -5.969141006 -0.999600351 -0.025556251 0.012084375 -42.030048370
0.013189629 0.072269626 0.997297883 151.670593262 -0.029131025 0.996989131 -0.071861982 -6.024004936 -0.999488652 -0.028104482 0.015255206 -42.010311127
0.013487026 0.067778774 0.997609198 152.428756714 -0.031115936 0.997245193 -0.067333370 -6.084420681 -0.999424696 -0.030133422 0.015558871 -41.997085571
0.011821251 0.063339040 0.997922003 153.182479858 -0.032842651 0.997477829 -0.062921800 -6.152300835 -0.999390543 -0.032030590 0.013871659 -41.982658386
0.008717121 0.060686957 0.998118758 153.931808472 -0.030913543 0.997695982 -0.060391266 -6.205663204 -0.999484062 -0.030328950 0.010573084 -41.972332001
0.006173653 0.060762543 0.998133123 154.677001953 -0.029051647 0.997741699 -0.060559023 -6.260218620 -0.999558806 -0.028623542 0.007924962 -41.971347809
0.001975711 0.060720325 0.998152792 155.416564941 -0.028220192 0.997760653 -0.060640603 -6.317111969 -0.999599755 -0.028048256 0.003684825 -41.962623596
-0.001846071 0.059555151 0.998223305 156.165313721 -0.027081793 0.997855842 -0.059583321 -6.378449917 -0.999631524 -0.027143674 -0.000229253 -41.967006683
-0.007258929 0.059879895 0.998179138 156.903289795 -0.027965516 0.997802854 -0.060060691 -6.428380489 -0.999582469 -0.028350571 -0.005568409 -41.967903137
-0.013295649 0.058346849 0.998207808 157.643096924 -0.029367432 0.997842610 -0.058716666 -6.480018616 -0.999480247 -0.030095477 -0.011553468 -41.971496582
-0.018534962 0.055157721 0.998305559 158.394866943 -0.026710434 0.998093426 -0.055641919 -6.543284416 -0.999471307 -0.027696501 -0.017026337 -41.997940063
-0.023895875 0.055149924 0.998192072 159.129486084 -0.027534783 0.998062134 -0.055801895 -6.593982697 -0.999335229 -0.028818438 -0.022331029 -42.013439178
-0.029707065 0.056792926 0.997943938 159.846572876 -0.029516479 0.997899354 -0.057669044 -6.641465664 -0.999122798 -0.031168969 -0.027968332 -42.019905090
-0.033223018 0.058706205 0.997722268 160.581558228 -0.029266559 0.997788131 -0.059684627 -6.701745987 -0.999019325 -0.031182805 -0.031431403 -42.047637939
-0.035913426 0.060818683 0.997502506 161.297744751 -0.029004743 0.997662544 -0.061872706 -6.757411957 -0.998933971 -0.031154366 -0.034065437 -42.070739746
-0.037048928 0.062373485 0.997365057 162.018783569 -0.026512800 0.997637510 -0.063375399 -6.811214924 -0.998961627 -0.028790930 -0.035307702 -42.101963043
-0.036427222 0.060959917 0.997475266 162.745697021 -0.023111381 0.997819364 -0.061824959 -6.864549160 -0.999068916 -0.025305144 -0.034938917 -42.129119873
-0.031806957 0.057093892 0.997861981 163.473510742 -0.019412417 0.998143554 -0.057728775 -6.922126293 -0.999305487 -0.021207090 -0.030639585 -42.161674500
-0.024187420 0.056905352 0.998086572 164.176345825 -0.018684249 0.998178422 -0.057363395 -6.977965355 -0.999532759 -0.020035971 -0.023080127 -42.176086426
-0.013138933 0.057806306 0.998241425 164.870727539 -0.016038015 0.998186946 -0.058014248 -7.029121399 -0.999785006 -0.016772056 -0.012188016 -42.177196503
0.000968620 0.057867717 0.998323858 165.561798096 -0.014303751 0.998222947 -0.057847992 -7.080677032 -0.999897242 -0.014223742 0.001794619 -42.170356750
0.016818754 0.055578545 0.998312652 166.243011475 -0.014532646 0.998362005 -0.055336464 -7.130303860 -0.999752939 -0.013577438 0.017598905 -42.158798218
0.032657318 0.050534423 0.998188257 166.926239014 -0.019617245 0.998560965 -0.049911484 -7.178471088 -0.999274135 -0.017951731 0.033601664 -42.117111206
0.048858929 0.043812469 0.997844279 167.609069824 -0.020689001 0.998867512 -0.042844374 -7.222708225 -0.998591423 -0.018551070 0.049710020 -42.069858551
0.066241175 0.037021991 0.997116566 168.289001465 -0.021232601 0.999137461 -0.035686489 -7.257164478 -0.997577727 -0.018807460 0.066970117 -42.019134521
0.083988674 0.029600348 0.996026933 168.960769653 -0.021653876 0.999376953 -0.027873967 -7.291755676 -0.996231496 -0.019226743 0.084577307 -41.953617096
0.100658834 0.023987744 0.994631767 169.621429443 -0.023462720 0.999488473 -0.021730393 -7.323620319 -0.994644284 -0.021149412 0.101170175 -41.868698120
0.118750043 0.021660684 0.992687881 170.263595581 -0.025148185 0.999506891 -0.018801130 -7.353263855 -0.992605805 -0.022731658 0.119236201 -41.782573700
0.136370435 0.020219546 0.990451515 170.907257080 -0.023826083 0.999569416 -0.017125184 -7.376959324 -0.990371406 -0.021263216 0.136793479 -41.682121277
0.153829515 0.019837819 0.987898231 171.550292969 -0.024644548 0.999564528 -0.016234588 -7.396867752 -0.987790048 -0.021848949 0.154251426 -41.568450928
0.169617414 0.018980891 0.985327184 172.163757324 -0.030678134 0.999431670 -0.013971559 -7.420734406 -0.985032380 -0.027858179 0.170103341 -41.446197510
0.184369296 0.015155459 0.982740223 172.792892456 -0.032858517 0.999417186 -0.009248147 -7.442127705 -0.982307613 -0.030586308 0.184759840 -41.313949585
0.196335778 0.011619942 0.980467796 173.413009644 -0.028991619 0.999561429 -0.006040742 -7.457656860 -0.980107963 -0.027239336 0.196586519 -41.185699463
0.207271665 0.010240601 0.978229761 174.028961182 -0.026840784 0.999628365 -0.004777466 -7.475340366 -0.977915168 -0.025266225 0.207469523 -41.051342010
0.217099816 0.014437719 0.976042628 174.629409790 -0.031664159 0.999468684 -0.007741223 -7.492705345 -0.975635648 -0.029224951 0.217441604 -40.903751373
0.226271585 0.021240456 0.973832667 175.217361450 -0.035972986 0.999262393 -0.013436732 -7.516195297 -0.973399699 -0.031991318 0.226868734 -40.756889343
0.235127270 0.030846208 0.971475005 175.805038452 -0.035701655 0.999095917 -0.023082312 -7.534631252 -0.971308649 -0.029255977 0.236015961 -40.606777191
0.243559390 0.036635067 0.969193876 176.400848389 -0.030723009 0.999076366 -0.030043887 -7.554308891 -0.969399154 -0.022459086 0.244459942 -40.457160950
0.249782741 0.034492288 0.967687488 177.004287720 -0.029149983 0.999180257 -0.028090535 -7.572294712 -0.967863023 -0.021191541 0.250583440 -40.298213959
0.255609870 0.027129032 0.966399312 177.606048584 -0.032229248 0.999289811 -0.019527793 -7.590267181 -0.966242611 -0.026154827 0.256302625 -40.127811432
0.259924591 0.016522100 0.965487599 178.215423584 -0.035916798 0.999327123 -0.007431814 -7.610798836 -0.964960754 -0.032745503 0.260343134 -39.949558258
0.262091428 0.007871112 0.965010881 178.817062378 -0.036513820 0.999331534 0.001765894 -7.639991760 -0.964352131 -0.035699066 0.262203574 -39.783512115
0.262682080 0.008365042 0.964846134 179.426895142 -0.034193493 0.999415040 0.000644527 -7.645964146 -0.964276493 -0.033160765 0.262814432 -39.609355927
0.263812125 0.010192573 0.964520276 180.027511597 -0.030672394 0.999527156 -0.002173105 -7.655664921 -0.964086294 -0.029010853 0.264000028 -39.445133209
0.265722185 0.009611063 0.964001775 180.627670288 -0.027211763 0.999626696 -0.002465456 -7.663950443 -0.963665545 -0.025577063 0.265884548 -39.283187866
0.267066836 0.007610901 0.963647962 181.242752075 -0.029559446 0.999562979 0.000297591 -7.667936325 -0.963224590 -0.028564377 0.267175049 -39.097705841
0.269637883 0.004056599 0.962953269 181.844253540 -0.029715028 0.999550104 0.004109778 -7.674155235 -0.962503195 -0.029722339 0.269637078 -38.922595978
0.272451431 -0.001320555 0.962168753 182.461547852 -0.028912438 0.999536276 0.009558800 -7.684719086 -0.961735010 -0.030422950 0.272286892 -38.741729736
0.276973933 -0.004129970 0.960868537 183.078247070 -0.027350675 0.999551713 0.012180168 -7.688344479 -0.960488081 -0.029653989 0.276736796 -38.560386658
0.283366799 -0.006200913 0.958991587 183.693542480 -0.025485797 0.999577165 0.013993992 -7.687172890 -0.958672941 -0.028406095 0.283088982 -38.373794556
0.291398078 -0.009723995 0.956552446 184.317062378 -0.024094425 0.999556482 0.017501136 -7.693207741 -0.956298351 -0.028147373 0.291034579 -38.185752869
0.301083803 -0.011558448 0.953527629 184.935272217 -0.021194132 0.999598324 0.018809121 -7.693059921 -0.953362167 -0.025872311 0.300717890 -37.984218597
0.312289625 -0.009490899 0.949939489 185.543624878 -0.023065588 0.999579608 0.017569594 -7.698568821 -0.949706912 -0.027397715 0.311939448 -37.776031494
0.323802441 -0.005817477 0.946106851 186.167266846 -0.024025312 0.999608219 0.014369044 -7.698663712 -0.945819616 -0.027383244 0.323535711 -37.552276611
0.335528463 -0.002767532 0.942025900 186.779907227 -0.024968712 0.999618292 0.011830023 -7.696551323 -0.941699088 -0.027490491 0.335331261 -37.323524475
0.347067863 -0.002523682 0.937836707 187.395660400 -0.023499008 0.999659002 0.011386391 -7.693375111 -0.937545478 -0.025990082 0.346890241 -37.085056305
0.358779252 -0.005280223 0.933407485 188.026168823 -0.022978054 0.999630988 0.014487053 -7.691609383 -0.933139622 -0.026645549 0.358525515 -36.844223022
