1.000000000 0.000000000 0.000000000 0.000000000 0.000000000 1.000000000 0.000000000 0.000000000 0.000000000 0.000000000 1.000000000 0.000000000
0.999873996 0.001473675 0.015806092 0.010633110 -0.001459274 0.999998510 -0.000922599 -0.003416069 -0.015807427 0.000899417 0.999874651 0.126490325
0.999292672 0.004328826 0.037355591 0.027672060 -0.004316315 0.999990582 -0.000415555 -0.004475068 -0.037357036 0.000254023 0.999301970 0.272763401
0.997895181 0.005985842 0.064570896 0.056336232 -0.006060901 0.999981165 0.000966602 -0.004984540 -0.064563893 -0.001355925 0.997912645 0.436179996
0.995132923 0.005585191 0.098383553 0.103031240 -0.005929473 0.999977231 0.003207332 -0.003284100 -0.098363414 -0.003775084 0.995143414 0.609255612
0.990628481 0.002496221 0.136561260 0.163639739 -0.003239926 0.999981105 0.005223952 -0.004325793 -0.136545628 -0.005617445 0.990617871 0.793859005
0.984339893 -0.000327976 0.176280558 0.236239702 -0.000642623 0.999984920 0.005448868 -0.003174547 -0.176279679 -0.005476820 0.984324872 0.989251733
0.975557566 -0.000490005 0.219743133 0.320531160 -0.000997977 0.999977350 0.006660403 -0.000744195 -0.219741419 -0.006716906 0.975535035 1.190522075
0.963364065 -0.000249802 0.268196940 0.411423504 -0.002403575 0.999951482 0.009565013 0.002043926 -0.268186331 -0.009859222 0.963316619 1.407212257
0.948954582 -0.004067124 0.315386385 0.530669332 -0.001291656 0.999858379 0.016780281 -0.003360908 -0.315409929 -0.016331097 0.948814988 1.619195700
0.931958616 -0.013724439 0.362304807 0.672272265 0.005077593 0.999679387 0.024807652 -0.006848875 -0.362529069 -0.021280069 0.931729496 1.830767155
0.910575211 -0.018294271 0.412938416 0.826106727 0.006967986 0.999557495 0.028917870 -0.003846042 -0.413284779 -0.023454541 0.910299718 2.051975012
0.885043263 -0.019580940 0.465096861 0.994235039 0.004934175 0.999453425 0.032688409 0.002078973 -0.465482652 -0.026635790 0.884656131 2.284429312
0.856817305 -0.022163583 0.515143633 1.182588935 0.003381847 0.999295712 0.037368909 0.003800280 -0.515609086 -0.030276187 0.856288910 2.496370077
0.824383736 -0.026422709 0.565414250 1.367897630 0.003612509 0.999135137 0.041424077 0.009663641 -0.566019773 -0.032106772 0.823766232 2.698238134
0.788309872 -0.031980149 0.614446878 1.598518252 0.005548639 0.998977184 0.044875160 0.011570230 -0.615253508 -0.031966183 0.787681103 2.905930042
0.749774158 -0.035669599 0.660731554 1.841129184 0.005779828 0.998860955 0.047364771 0.018535331 -0.661668420 -0.031693973 0.749126256 3.126092434
0.709703684 -0.038729142 0.703434944 2.115062952 0.006658919 0.998811960 0.048273515 0.031265169 -0.704468787 -0.029575776 0.709118366 3.333413124
0.667067945 -0.040243540 0.743909180 2.411385775 0.005386753 0.998774409 0.049200755 0.049120277 -0.744977415 -0.028812990 0.666467130 3.560693026
0.624096334 -0.040161908 0.780314565 2.740522146 0.000269486 0.998689175 0.051185858 0.065624893 -0.781347394 -0.031734623 0.623288989 3.783844948
0.582351983 -0.040778231 0.811913252 3.083925009 -0.002901883 0.998630464 0.052237473 0.080109149 -0.812931597 -0.032776672 0.581436217 3.987761497
0.541625381 -0.042028207 0.839568615 3.459196568 -0.004672075 0.998583436 0.053002436 0.098530442 -0.840606987 -0.032629997 0.540661752 4.195328236
0.502804041 -0.044106897 0.863274395 3.871562243 -0.006613425 0.998471797 0.054866388 0.115747035 -0.864375174 -0.033296242 0.501743913 4.403381824
0.465706378 -0.043611549 0.883864045 4.297852516 -0.009649946 0.998475194 0.054351233 0.135217279 -0.884886682 -0.033840954 0.464575440 4.602606297
0.429205984 -0.042735513 0.902195096 4.756215096 -0.010810480 0.998565316 0.052443348 0.157820776 -0.903141975 -0.032262165 0.428128242 4.792693138
0.395641267 -0.041469023 0.917468488 5.247437477 -0.009475078 0.998742521 0.049228512 0.179076537 -0.918356299 -0.028169919 0.394750774 4.971156597
0.366128683 -0.039865933 0.929709911 5.763154030 -0.006879499 0.998938680 0.045543674 0.199155807 -0.930538714 -0.023070786 0.365465879 5.153998375
0.340826333 -0.038156364 0.939351678 6.311582565 -0.005649049 0.999074876 0.042631965 0.221038207 -0.940109253 -0.019836541 0.340295553 5.330140114
0.320304543 -0.037760403 0.946561813 6.885437489 -0.004394289 0.999135375 0.041344643 0.244597062 -0.947304487 -0.017402345 0.319861621 5.513133526
0.305577248 -0.038113333 0.951404154 7.490721226 -0.003379034 0.999148905 0.041111290 0.268761992 -0.952161252 -0.015777506 0.305188358 5.702598572
0.294100583 -0.039217602 0.954969525 8.122596741 -0.002952105 0.999115765 0.041939713 0.292548299 -0.955769837 -0.015153664 0.293724746 5.893930912
0.283018351 -0.040759694 0.958248019 8.779539108 -0.004194301 0.999034464 0.043733355 0.323135674 -0.959105194 -0.016396523 0.282574087 6.087342262
0.272534043 -0.042628154 0.961201310 9.451983452 -0.005705525 0.998928964 0.045919038 0.346467882 -0.962129176 -0.017998664 0.271999002 6.276146412
0.262817621 -0.044415154 0.963822663 10.156965256 -0.006520086 0.998835325 0.047806535 0.375559092 -0.964823425 -0.018848605 0.262221962 6.457373619
0.252661258 -0.046584055 0.966432750 10.893102646 -0.007548281 0.998714983 0.050113536 0.397968292 -0.967525363 -0.019956658 0.251984954 6.653056622
0.242198691 -0.047769174 0.969050050 11.640019417 -0.007765130 0.998659849 0.051169563 0.435303092 -0.970195651 -0.019918000 0.241503149 6.838448048
0.231903732 -0.049166258 0.971495450 12.389257431 -0.007836230 0.998594999 0.052408315 0.464477807 -0.972707212 -0.019766541 0.231192604 7.018052578
0.221821755 -0.052236043 0.973687112 13.169676781 -0.009197282 0.998407483 0.055657528 0.498602688 -0.975043833 -0.021301327 0.220988110 7.187322140
0.209545746 -0.055584691 0.976217687 13.978002548 -0.010994323 0.998185992 0.059195466 0.538091600 -0.977737010 -0.023137009 0.208554447 7.377605438
0.197547078 -0.059530046 0.978484154 14.777783394 -0.011529690 0.997944295 0.063041724 0.575401604 -0.980225563 -0.023735328 0.196454599 7.532286167
0.184325665 -0.061334189 0.980949700 15.574932098 -0.012744434 0.997818053 0.064783633 0.614491582 -0.982782543 -0.024442935 0.183141798 7.685242653
0.170092583 -0.062071119 0.983471215 16.398340225 -0.012726914 0.997792661 0.065176144 0.653397799 -0.985345840 -0.023602532 0.168927163 7.831563950
0.155738652 -0.060786359 0.985926211 17.190752029 -0.015280088 0.997837067 0.063934386 0.689037800 -0.987680137 -0.025022093 0.154472992 7.952279091
0.138705641 -0.060165722 0.988504350 18.002849579 -0.015474060 0.997899294 0.062908843 0.727625489 -0.990212739 -0.024021987 0.137483224 8.070617676
0.118196614 -0.058645297 0.991256893 18.823537827 -0.017966559 0.997964740 0.061184466 0.764355779 -0.992827713 -0.025041271 0.116902381 8.168088913
0.091975935 -0.057020042 0.994127274 19.648162842 -0.023004681 0.997971058 0.059368875 0.804744720 -0.995495379 -0.028330093 0.090477586 8.252809525
0.062091410 -0.056675695 0.996459961 20.485885620 -0.026851976 0.997930110 0.058432512 0.835051298 -0.997709095 -0.030385075 0.060441032 8.296013832
0.028724901 -0.056477390 0.997990608 21.313446045 -0.028894722 0.997938395 0.057306103 0.868909121 -0.999169588 -0.030482769 0.027033798 8.318066597
-0.005421309 -0.056161046 0.998407006 22.171331406 -0.031660721 0.997930765 0.055962346 0.894615412 -0.999483943 -0.031306896 -0.007188189 8.304622650
-0.040005323 -0.054242328 0.997726083 23.022438049 -0.032993972 0.998052716 0.052937131 0.933847725 -0.998654544 -0.030801183 -0.041717082 8.269623756
-0.072396532 -0.052617006 0.995987058 23.863492966 -0.034674108 0.998136580 0.050210159 0.956707776 -0.996772945 -0.030899920 -0.074086078 8.195758820
-0.104624517 -0.050069805 0.993250549 24.698816299 -0.036984779 0.998236895 0.046425350 0.978056550 -0.993823886 -0.031877927 -0.106291860 8.104148865
-0.137007490 -0.045640137 0.989517987 25.543533325 -0.034117181 0.998562753 0.041333482 0.998765945 -0.989982307 -0.028096566 -0.138367698 7.980038643
-0.168692052 -0.039560735 0.984874547 26.382528305 -0.029086644 0.998958826 0.035144441 1.019429922 -0.985239506 -0.022718105 -0.169667095 7.819582939
-0.199139059 -0.033164620 0.979409933 27.208465576 -0.022153080 0.999324143 0.029334661 1.030473471 -0.979720771 -0.015855268 -0.199739143 7.634327412
-0.227729708 -0.027344475 0.973340333 28.021886826 -0.016014226 0.999575555 0.024334706 1.035512090 -0.973592699 -0.010045554 -0.228070959 7.427674770
-0.255448371 -0.021006040 0.966594338 28.838794708 -0.007369976 0.999777257 0.019779451 1.039544344 -0.966794610 -0.002071147 -0.255546272 7.189687252
-0.281259775 -0.010751352 0.959571421 29.635641098 -0.000768210 0.999939382 0.010978479 1.029550314 -0.959631324 0.002350652 -0.281251073 6.934251785
-0.306873173 0.005093344 0.951736748 30.425842285 0.003745491 0.999984324 -0.004143870 1.018843532 -0.951742947 0.002293079 -0.306887507 6.666940689
-0.331378639 0.021900162 0.943243682 31.202352524 0.004113988 0.999754727 -0.021766910 0.995653570 -0.943488896 -0.003332597 -0.331387371 6.384768486
-0.356646091 0.036783509 0.933515191 31.969535828 0.004558772 0.999281347 -0.037633240 0.962868333 -0.934228361 -0.009166067 -0.356557459 6.084736824
-0.380962312 0.046991695 0.923395634 32.732524872 0.008305152 0.998841166 -0.047404699 0.917526364 -0.924553335 -0.010390464 -0.380911142 5.757926941
-0.404262304 0.051557802 0.913188815 33.478759766 0.010982763 0.998611748 -0.051518694 0.872764707 -0.914577127 -0.010797729 -0.404267281 5.423820496
-0.426704079 0.050971139 0.902953863 34.229846954 0.014878522 0.998671055 -0.049343243 0.813120127 -0.904268861 -0.007620346 -0.426895380 5.056380272
-0.447038710 0.046973325 0.893280506 34.967681885 0.018315716 0.998891592 -0.043360878 0.761631846 -0.894327104 -0.003022919 -0.447403550 4.673723221
-0.464766175 0.045262784 0.884275794 35.684875488 0.025515193 0.998962462 -0.037722640 0.711912751 -0.885065794 0.005030261 -0.465438783 4.281087875
-0.478076607 0.045681078 0.877129376 36.389453888 0.028145853 0.998930573 -0.036683701 0.663451314 -0.877867043 0.007149938 -0.478850961 3.883620262
-0.489228308 0.049972743 0.870722950 37.086860657 0.031963658 0.998713791 -0.039359190 0.618340850 -0.871569872 0.008575862 -0.490196288 3.482114792
-0.498889267 0.052368697 0.865082145 37.773117065 0.032688148 0.998599529 -0.041600201 0.572369814 -0.866049111 0.007524035 -0.499902397 3.078487396
-0.509662330 0.051908109 0.858807087 38.471282959 0.027084289 0.998651564 -0.044287331 0.520838261 -0.859948099 0.000688599 -0.510380924 2.671463013
-0.520745516 0.050466925 0.852218807 39.157951355 0.026696209 0.998725593 -0.042830165 0.472421765 -0.853294373 0.000447395 -0.521429121 2.256322861
-0.529401064 0.051744938 0.846792221 39.827102661 0.028901858 0.998658776 -0.042956077 0.423845172 -0.847879350 0.001732879 -0.530186534 1.833572388
-0.536746204 0.054668311 0.841970921 40.515293121 0.031071670 0.998502553 -0.045023941 0.384472966 -0.843171299 0.001995008 -0.537641227 1.392538071
-0.540538371 0.057700086 0.839338481 41.208976746 0.032842990 0.998332083 -0.047479007 0.336732626 -0.840677977 0.001902155 -0.541531980 0.950063705
-0.540334463 0.059700154 0.839329779 41.911663055 0.031898689 0.998216152 -0.050466102 0.292309999 -0.840845406 -0.000495057 -0.541275024 0.507860184
-0.536891878 0.060095172 0.841507971 42.621963501 0.034206424 0.998190045 -0.049460325 0.242181659 -0.842957199 0.002230125 -0.537975907 0.052238464
-0.530827224 0.058751717 0.845441103 43.364696503 0.031969447 0.998272181 -0.049299661 0.185647368 -0.846876860 0.000858682 -0.531788349 -0.420059204
-0.523818076 0.057651926 0.849876940 44.127037048 0.030085225 0.998336673 -0.049179889 0.136255503 -0.851298690 -0.000192579 -0.524681389 -0.880943298
-0.516588807 0.057029497 0.854332268 44.900650024 0.028218616 0.998371363 -0.049581647 0.081759572 -0.855768502 -0.001505242 -0.517356753 -1.341817856
-0.510304451 0.055870645 0.858177066 45.686210632 0.025899187 0.998433232 -0.049601231 0.028171539 -0.859603763 -0.003085640 -0.510951936 -1.804901123
-0.506269872 0.053525958 0.860712469 46.487102509 0.021370748 0.998544097 -0.049527202 -0.025249004 -0.862110257 -0.006680056 -0.506676674 -2.259649277
-0.504723370 0.050250597 0.861817479 47.313552856 0.016380789 0.998682082 -0.048637468 -0.082094193 -0.863125741 -0.010431215 -0.504881442 -2.735477448
-0.505409181 0.047952406 0.861546338 48.148120880 0.014307617 0.998783231 -0.047197510 -0.144219637 -0.862761199 -0.011527381 -0.505480230 -3.209293365
-0.506408691 0.046779748 0.861023784 48.990791321 0.013325240 0.998832643 -0.046429753 -0.202108026 -0.862190664 -0.012039082 -0.506440938 -3.697898865
-0.506749749 0.046054456 0.860862195 49.857578278 0.012705644 0.998862684 -0.045957990 -0.256233454 -0.861999571 -0.012351392 -0.506758511 -4.205091476
-0.506884515 0.045636825 0.860805035 50.724845886 0.012665411 0.998884141 -0.045499269 -0.312069535 -0.861920834 -0.012160427 -0.506896913 -4.711780548
-0.507076144 0.044594191 0.860746861 51.601291656 0.012877801 0.998941123 -0.044167396 -0.371332645 -0.861805022 -0.011311706 -0.507113516 -5.222404480
-0.507037699 0.044570670 0.860770643 52.487091064 0.012993374 0.998943865 -0.044071510 -0.429488301 -0.861825943 -0.011161599 -0.507081270 -5.740940094
-0.507347882 0.043011654 0.860667288 53.383934021 0.011043255 0.998996139 -0.043414809 -0.487740397 -0.861670613 -0.012521841 -0.507313490 -6.264451981
-0.507344365 0.041995488 0.860719502 54.268207550 0.009862126 0.999029398 -0.042930633 -0.549066901 -0.861686945 -0.013292095 -0.507266104 -6.777429581
-0.506614029 0.041311309 0.861182630 55.155937195 0.008495359 0.999042034 -0.042926863 -0.610820651 -0.862131059 -0.014431295 -0.506479681 -7.293348312
-0.505348623 0.039855406 0.861994386 56.042186737 0.008910051 0.999120593 -0.040972047 -0.671142936 -0.862869263 -0.013024755 -0.505259275 -7.812500000
-0.503184199 0.037711583 0.863355935 56.931156158 0.009017112 0.999222100 -0.038390860 -0.730680346 -0.864132106 -0.011532698 -0.503132820 -8.329132080
-0.500577807 0.036204625 0.864934146 57.811462402 0.009548862 0.999295235 -0.036302365 -0.790315986 -0.865638912 -0.009913022 -0.500570655 -8.837650299
-0.498214632 0.036166526 0.866299093 58.707077026 0.009464607 0.999297023 -0.036275800 -0.842693686 -0.867002070 -0.009873955 -0.498206675 -9.346700668
-0.496263713 0.036348198 0.867410600 59.589324951 0.009477405 0.999290466 -0.036452305 -0.898185015 -0.868120134 -0.009869155 -0.496256083 -9.846675873
-0.495244741 0.036749825 0.867975831 60.465660095 0.009327664 0.999272346 -0.036986742 -0.955501080 -0.868703365 -0.010221305 -0.495227128 -10.345018387
-0.496016026 0.038290739 0.867468596 61.342185974 0.009001980 0.999200344 -0.038958166 -1.012282848 -0.868266702 -0.011514938 -0.495964020 -10.841880798
-0.499259621 0.039821405 0.865536928 62.212604523 0.007471515 0.999104083 -0.041656807 -1.071560502 -0.866420269 -0.014330687 -0.499109834 -11.328899384
-0.503560781 0.040417466 0.863013804 63.094207764 0.005938653 0.999043405 -0.043322973 -1.131775975 -0.863939404 -0.016690612 -0.503319085 -11.841800690
-0.509275556 0.039037790 0.859717607 63.956844330 0.007652110 0.999136567 -0.040835563 -1.192227840 -0.860569537 -0.014217895 -0.509134471 -12.346601486
-0.514704764 0.036883175 0.856573820 64.818923950 0.008675414 0.999247134 -0.037813604 -1.248477578 -0.857323587 -0.012031706 -0.514637291 -12.864587784
-0.520017505 0.034153629 0.853472471 65.688171387 0.005810687 0.999318600 -0.036449563 -1.310046792 -0.854135811 -0.013995145 -0.519861639 -13.379594803
-0.525254846 0.037572324 0.850115001 66.536102295 0.008607292 0.999208272 -0.038843635 -1.367293239 -0.850901365 -0.013085621 -0.525162399 -13.898088455
-0.530319095 0.039505176 0.846877158 67.380493164 0.008920373 0.999118447 -0.041020952 -1.415111661 -0.847751200 -0.014199734 -0.530203938 -14.419364929
-0.534778476 0.040494263 0.844021440 68.203300476 0.007806764 0.999045193 -0.042985536 -1.476597309 -0.844956219 -0.016398661 -0.534583986 -14.938682556
-0.538443685 0.040404417 0.841692328 69.025192261 0.006609194 0.999021530 -0.043728814 -1.538760781 -0.842635572 -0.017982593 -0.538183987 -15.462549210
-0.541786849 0.039639007 0.839580715 69.841171265 0.007311665 0.999071777 -0.042450774 -1.595758438 -0.840484142 -0.016860539 -0.541573763 -15.981151581
-0.543898106 0.032950964 0.838504076 70.663009644 0.008346967 0.999391794 -0.033859130 -1.648264647 -0.839109778 -0.011416951 -0.543842316 -16.518579483
-0.546411574 0.023788564 0.837178946 71.484619141 0.007033822 0.999691665 -0.023815531 -1.698872089 -0.837487400 -0.007124518 -0.546410322 -17.043354034
-0.548121035 0.022787219 0.836088598 72.300331116 0.008702896 0.999729991 -0.021541774 -1.741100550 -0.836353719 -0.004531107 -0.548171401 -17.575298309
-0.548913538 0.027450422 0.835428238 73.102600098 0.008779461 0.999594808 -0.027076093 -1.779143095 -0.835832894 -0.007527826 -0.548932195 -18.100193024
-0.550283670 0.034089711 0.834281564 73.896484375 0.010709764 0.999372184 -0.033771452 -1.821588278 -0.834909022 -0.009648923 -0.550303340 -18.618982315
-0.550795138 0.037721343 0.833787620 74.683296204 0.016374655 0.999274254 -0.034391116 -1.871043205 -0.834479809 -0.005289477 -0.551013231 -19.139936447
-0.550138772 0.039067339 0.834158897 75.491653442 0.019646047 0.999234080 -0.033841714 -1.920165420 -0.834842026 -0.002229721 -0.550485134 -19.695886612
-0.549430609 0.035738871 0.834774613 76.282241821 0.017275559 0.999357045 -0.031414676 -1.953662395 -0.835360646 -0.002838990 -0.549694896 -20.220872879
-0.549289227 0.031034801 0.835055709 77.086059570 0.016009569 0.999517441 -0.026616117 -1.990503550 -0.835478842 -0.001251065 -0.549521029 -20.734945297
-0.548468471 0.024249930 0.835819483 77.875648499 0.013049808 0.999705851 -0.020441480 -2.033763647 -0.836069286 -0.000304221 -0.548623621 -21.245100021
-0.548111081 0.018674284 0.836197019 78.671600342 0.004575795 0.999802709 -0.019328643 -2.073704958 -0.836393058 -0.006767978 -0.548088372 -21.745826721
-0.546528637 0.013360685 0.837333798 79.480880737 -0.003236657 0.999831438 -0.018066105 -2.100901604 -0.837434173 -0.012583809 -0.546393216 -22.256532669
-0.544427872 0.014319406 0.838685453 80.270515442 0.000346298 0.999857962 -0.016846411 -2.138283491 -0.838807583 -0.008881222 -0.544355452 -22.771751404
-0.540813386 0.017681859 0.840956688 81.085029602 0.004319480 0.999824226 -0.018244367 -2.171231985 -0.841131389 -0.006234301 -0.540794790 -23.310459137
-0.535340428 0.020924928 0.844377100 81.874633789 0.006193063 0.999763429 -0.020849191 -2.199850082 -0.844613671 -0.005932135 -0.535343468 -23.812837601
-0.527735591 0.023036351 0.849096298 82.665695190 0.010888993 0.999733508 -0.020355415 -2.234208107 -0.849338889 -0.001496470 -0.527845860 -24.304946899
-0.518670976 0.027299931 0.854537964 83.475265503 0.018652882 0.999613523 -0.020613097 -2.266039371 -0.854770422 0.005248182 -0.518979788 -24.822483063
-0.509285927 0.026487477 0.860189617 84.283790588 0.016237844 0.999644101 -0.021167824 -2.296870470 -0.860444069 0.003187152 -0.509534836 -25.287935257
-0.498868465 0.023596449 0.866356432 85.083236694 0.014137970 0.999717832 -0.019087760 -2.334258556 -0.866562366 0.002726238 -0.499061316 -25.728818893
-0.487688333 0.020472871 0.872777760 85.895156860 0.014271842 0.999778390 -0.015477160 -2.366263390 -0.872901142 0.004908115 -0.487872422 -26.172712326
-0.476035595 0.019435087 0.879211247 86.711166382 0.013428797 0.999799788 -0.014829895 -2.398812771 -0.879323542 0.004747191 -0.476201266 -26.616561890
-0.464302450 0.018807998 0.885477006 87.528289795 0.013948811 0.999805748 -0.013922298 -2.423374653 -0.885566950 0.005887195 -0.464474589 -27.034194946
-0.452832669 0.019645294 0.891379058 88.359977722 0.015698917 0.999777913 -0.014059055 -2.458595276 -0.891457260 0.007627286 -0.453040570 -27.447662354
-0.440956771 0.023565063 0.897218883 89.187759399 0.015733760 0.999704540 -0.018524123 -2.496559620 -0.897390366 0.005948289 -0.441197246 -27.847988129
-0.429200053 0.032428481 0.902627051 90.011917114 0.017880900 0.999464452 -0.027405147 -2.532174587 -0.903032422 0.004377494 -0.429550052 -28.238330841
-0.417056054 0.037842236 0.908092558 90.851325989 0.017319588 0.999282360 -0.033688020 -2.559377193 -0.908715785 0.001678001 -0.417412102 -28.614822388
-0.404945880 0.033759803 0.913717210 91.697204590 0.013767548 0.999429941 -0.030825125 -2.595599413 -0.914236903 0.000097137 -0.405179828 -28.995407104
-0.393719226 0.030126961 0.918736935 92.540603638 0.011866397 0.999546051 -0.027691560 -2.637849331 -0.919154108 -0.000000602 -0.393898010 -29.346433640
-0.383302152 0.030696599 0.923112810 93.392951965 0.009242281 0.999524951 -0.029399913 -2.685181856 -0.923576713 -0.002737381 -0.383403689 -29.697536469
-0.376228929 0.034779400 0.925873756 94.241340637 0.003678875 0.999343276 -0.036044300 -2.730469704 -0.926519454 -0.010154733 -0.376109779 -30.034690857
-0.371461511 0.040019467 0.927585423 95.081565857 -0.001752947 0.999038517 -0.043804213 -2.774980545 -0.928446710 -0.017897587 -0.371034235 -30.353588104
-0.368272662 0.042098112 0.928764224 95.924842834 -0.004171948 0.998889446 -0.046930935 -2.829116821 -0.929708481 -0.021158133 -0.367688030 -30.675895691
-0.364174426 0.041656144 0.930398643 96.765121460 -0.005636948 0.998882413 -0.046928711 -2.886402607 -0.931313753 -0.022334844 -0.363532573 -31.002206802
-0.359652340 0.041740507 0.932152331 97.605895996 -0.006308859 0.998867333 -0.047162063 -2.942558765 -0.933065057 -0.022842761 -0.358981639 -31.312431335
-0.353859246 0.036582675 0.934582949 98.450675964 -0.011819336 0.998980105 -0.043578517 -2.996875763 -0.935223997 -0.026466815 -0.353066027 -31.629829407
-0.348834157 0.032842133 0.936608851 99.291435242 -0.011811185 0.999152362 -0.039434221 -3.050184011 -0.937110007 -0.024818463 -0.348150492 -31.931854248
-0.342960507 0.030071672 0.938868344 100.150810242 -0.013413122 0.999228776 -0.036904693 -3.103045225 -0.939253986 -0.025250010 -0.342292637 -32.238143921
-0.337224543 0.028183864 0.941002250 101.000144958 -0.021898864 0.999046504 -0.037770174 -3.152024746 -0.941169500 -0.033343907 -0.336285830 -32.521789551
-0.331190825 0.028465055 0.943134248 101.854347229 -0.028661912 0.998780131 -0.040209435 -3.200935602 -0.943128347 -0.040349029 -0.329971015 -32.803459167
-0.324305832 0.032469723 0.945394874 102.704460144 -0.026541403 0.998704910 -0.043405361 -3.256270885 -0.945579886 -0.039168715 -0.323024094 -33.093250275
-0.317386359 0.035959907 0.947614253 103.547386169 -0.025267623 0.998605251 -0.046357837 -3.304643631 -0.947959721 -0.038657304 -0.316035062 -33.369052887
-0.311175823 0.033642627 0.949756682 104.394577026 -0.026539702 0.998675823 -0.044070851 -3.360134363 -0.949981749 -0.038920041 -0.309870869 -33.634532928
-0.304276258 0.029051444 0.952140749 105.253456116 -0.027016347 0.998869598 -0.039110854 -3.408473730 -0.952200651 -0.037623867 -0.303147376 -33.902011871
-0.297386914 0.026481705 0.954389751 106.110862732 -0.028119547 0.998938680 -0.036479846 -3.460284710 -0.954342842 -0.037685633 -0.296326607 -34.158653259
-0.290727735 0.029593730 0.956348062 106.975524902 -0.030427702 0.998730063 -0.040155180 -3.506485462 -0.956321895 -0.040773697 -0.289458036 -34.413684845
-0.284453660 0.032326676 0.958144605 107.828842163 -0.030036364 0.998640180 -0.042610135 -3.557819843 -0.958219171 -0.040899791 -0.283095866 -34.659736633
-0.277782559 0.032652225 0.960088909 108.684509277 -0.032323994 0.998538554 -0.043312188 -3.608275414 -0.960100114 -0.043065280 -0.276321143 -34.895698547
-0.270741373 0.032278657 0.962110758 109.543731689 -0.032431219 0.998564482 -0.042627938 -3.662604332 -0.962105572 -0.042743571 -0.269305915 -35.132442474
-0.262530088 0.032018080 0.964392364 110.403198242 -0.028510269 0.998755574 -0.040920101 -3.715329885 -0.964502513 -0.038237847 -0.261290520 -35.367523193
-0.254830748 0.033155676 0.966417074 111.259750366 -0.025428554 0.998836577 -0.040973082 -3.767174244 -0.966651201 -0.035015784 -0.253691196 -35.593292236
-0.248182327 0.033866331 0.968121171 112.119804382 -0.024311867 0.998856187 -0.041173946 -3.814249039 -0.968408227 -0.033755478 -0.247075126 -35.808429718
-0.241681516 0.032671120 0.969805479 112.988616943 -0.030400669 0.998687506 -0.041220140 -3.863190651 -0.969879329 -0.039444882 -0.240371093 -36.006816864
-0.235895455 0.030685145 0.971293807 113.856002808 -0.035501122 0.998561978 -0.040168665 -3.912395477 -0.971129775 -0.043957625 -0.234466910 -36.204071045
-0.231495991 0.030793915 0.972348452 114.732673645 -0.033092543 0.998671055 -0.039506201 -3.962300777 -0.972272873 -0.041323006 -0.230169311 -36.405029297
-0.227090389 0.030907284 0.973383069 115.600502014 -0.031455737 0.998741925 -0.039051112 -4.014006615 -0.973365605 -0.039486613 -0.225832507 -36.597541809
-0.221831918 0.032630540 0.974538863 116.473350525 -0.030291887 0.998726845 -0.040335704 -4.063971519 -0.974614203 -0.038468368 -0.220561072 -36.801776886
-0.215999275 0.031211620 0.975894511 117.331527710 -0.024325736 0.999006629 -0.037334941 -4.113626480 -0.976090431 -0.031803668 -0.215025470 -36.989845276
-0.210985214 0.030087519 0.977025986 118.207893372 -0.017164234 0.999257982 -0.034478713 -4.158367634 -0.977338552 -0.024044406 -0.210312232 -37.182739258
-0.205479756 0.029530959 0.978215635 119.077720642 -0.015230729 0.999327064 -0.033367585 -4.206483841 -0.978542805 -0.021755293 -0.204891667 -37.367073059
-0.201702133 0.030738315 0.978964448 119.949737549 -0.017319076 0.999239147 -0.034943279 -4.251682758 -0.979293704 -0.024002891 -0.201016307 -37.536022186
-0.198006526 0.032406516 0.979664862 120.832740784 -0.019003138 0.999138594 -0.036891550 -4.300297260 -0.980016470 -0.025921475 -0.197220162 -37.710861206
-0.196099460 0.031881701 0.980065584 121.701576233 -0.021878125 0.999080300 -0.036877807 -4.345114231 -0.980339944 -0.028673714 -0.195221588 -37.875583649
-0.195680007 0.031003054 0.980177522 122.574539185 -0.022182139 0.999104500 -0.036030095 -4.387047291 -0.980416954 -0.028792808 -0.194817051 -38.034473419
-0.194632947 0.025987163 0.980531871 123.453430176 -0.020993097 0.999309659 -0.030651912 -4.436404228 -0.980651498 -0.026550269 -0.193953052 -38.208358765
-0.193846762 0.021348516 0.980799437 124.317512512 -0.022153292 0.999413013 -0.026132073 -4.476188660 -0.980781674 -0.026793560 -0.193260044 -38.372837067
-0.193009332 0.019536121 0.981002331 125.185905457 -0.021662833 0.999473155 -0.024166055 -4.515733242 -0.980957806 -0.025915565 -0.192484438 -38.539890289
-0.191575021 0.023762604 0.981190264 126.035820007 -0.021810059 0.999356925 -0.028460931 -4.559635639 -0.981235623 -0.026852222 -0.190933570 -38.704532623
-0.191275045 0.027914796 0.981139481 126.915443420 -0.020863870 0.999254048 -0.032497637 -4.598672390 -0.981314600 -0.026686355 -0.190549955 -38.877079010
-0.191678017 0.026783405 0.981092334 127.757263184 -0.024657853 0.999180615 -0.032094661 -4.638154030 -0.981148064 -0.030343471 -0.190860540 -39.025108337
-0.191475287 0.025198013 0.981173933 128.608062744 -0.026847005 0.999161899 -0.030899145 -4.686780930 -0.981130183 -0.032258000 -0.190638334 -39.179206848
-0.190493479 0.026871338 0.981320560 129.448989868 -0.021928607 0.999259412 -0.031619325 -4.726140022 -0.981443524 -0.027542261 -0.189763114 -39.348030090
-0.189161077 0.028801365 0.981523514 130.302551270 -0.024175964 0.999130070 -0.033977240 -4.769819736 -0.981648445 -0.030156447 -0.188300222 -39.515048981
-0.189540058 0.030352900 0.981403708 131.135192871 -0.030785192 0.998846948 -0.036837980 -4.813702106 -0.981390238 -0.037194975 -0.188387096 -39.656394958
-0.188635319 0.031431392 0.981544077 131.970870972 -0.036826517 0.998558283 -0.039053626 -4.861984253 -0.981356502 -0.043513749 -0.187205851 -39.805828094
-0.188415572 0.035521939 0.981446743 132.794555664 -0.032970950 0.998553455 -0.042470776 -4.908732891 -0.981535733 -0.040361393 -0.186971858 -39.959465027
-0.188076749 0.036507055 0.981475592 133.616806030 -0.031809669 0.998558283 -0.043238033 -4.959428787 -0.981639028 -0.039352480 -0.186644331 -40.113349915
-0.186255664 0.037366029 0.981790483 134.437667847 -0.033304926 0.998462200 -0.044318814 -5.006833553 -0.981936693 -0.040953100 -0.184724733 -40.263996124
-0.184261620 0.037077341 0.982177734 135.265472412 -0.023945579 0.998822272 -0.042197995 -5.056151867 -0.982585490 -0.031294283 -0.183156788 -40.424980164
-0.180446893 0.033898074 0.983000457 136.084838867 -0.017591106 0.999134839 -0.037683617 -5.106902122 -0.983427346 -0.024091955 -0.179694459 -40.586391449
-0.178462863 0.028827231 0.983524323 136.901397705 -0.014011119 0.999394894 -0.031834755 -5.155032158 -0.983846784 -0.019461598 -0.177950963 -40.736286163
-0.174867019 0.028482612 0.984179974 137.713073730 -0.012358935 0.999439359 -0.031120135 -5.196467400 -0.984514475 -0.017605303 -0.174416974 -40.878158569
-0.169840708 0.033464722 0.984903157 138.515136719 -0.011195812 0.999293268 -0.035884313 -5.242676735 -0.985407948 -0.017121410 -0.169346035 -41.018138885
-0.163298637 0.036469508 0.985902369 139.311004639 -0.011018786 0.999186814 -0.038785990 -5.284623623 -0.986515164 -0.017197151 -0.162763953 -41.145484924
-0.155474603 0.037371710 0.987132609 140.110488892 -0.010890229 0.999158561 -0.039542213 -5.321496964 -0.987779915 -0.016897913 -0.154936776 -41.263065338
-0.145995557 0.033059560 0.988732696 140.905105591 -0.010153641 0.999338746 -0.034913465 -5.361377239 -0.989233136 -0.015136448 -0.145563349 -41.374397278
-0.134044126 0.031670827 0.990469217 141.698043823 -0.006685357 0.999437571 -0.032862350 -5.405152798 -0.990952790 -0.011026645 -0.133757010 -41.480594635
-0.120081432 0.034241557 0.992173374 142.489807129 -0.002533022 0.999391198 -0.034797225 -5.444486141 -0.992760837 -0.006691697 -0.119921587 -41.578174591
-0.105866775 0.035339557 0.993752241 143.276718140 -0.003004951 0.999352336 -0.035858836 -5.483654976 -0.994375825 -0.006782435 -0.105692007 -41.657417297
-0.092081785 0.035367593 0.995123148 144.067169189 -0.001992243 0.999360502 -0.035702538 -5.524060726 -0.995749474 -0.005270080 -0.091952421 -41.726421356
-0.078560509 0.037087906 0.996219218 144.848220825 -0.001075138 0.999304116 -0.037287530 -5.567345142 -0.996908844 -0.004000401 -0.078465961 -41.783699036
-0.064862706 0.043202296 0.996958554 145.616195679 -0.004107538 0.999042392 -0.043559819 -5.618646145 -0.997885764 -0.006920456 -0.064623140 -41.823253632
-0.052240044 0.052505922 0.997253299 146.379837036 -0.011173708 0.998523533 -0.053158127 -5.663857460 -0.998572111 -0.013920001 -0.051576234 -41.846366882
-0.038361624 0.060350791 0.997439802 147.144210815 -0.015191815 0.998023927 -0.060970411 -5.714124680 -0.999148369 -0.017491845 -0.037368994 -41.863433838
-0.025296006 0.061158083 0.997807562 147.908889771 -0.015877092 0.997976303 -0.061570950 -5.765611172 -0.999553919 -0.017399779 -0.024273809 -41.874073029
-0.013191615 0.057178933 0.998276770 148.680526733 -0.019054119 0.998167992 -0.057424489 -5.823267460 -0.999731362 -0.019778809 -0.012077954 -41.875720978
-0.002729106 0.054679785 0.998500228 149.444686890 -0.023046374 0.998235226 -0.054728266 -5.882496357 -0.999730647 -0.023161171 -0.001464120 -41.862300873
0.005973897 0.061282184 0.998102605 150.204132080 -0.027747521 0.997746229 -0.061094221 -5.942245483 -0.999597132 -0.027329903 0.007660862 -41.844818115
0.012859180 0.069261126 0.997515738 150.949981689 -0.030982848 0.997146726 -0.068836108 -5.996460438 -0.999437213 -0.030020704 0.014968395 -41.824901581
0.015984939 0.071742080 0.997295082 151.704589844 -0.033312377 0.996907055 -0.071180247 -6.056169510 -0.999317288 -0.032084446 0.018325394 -41.807300568
0.015883805 0.067313746 0.997605443 152.458068848 -0.035665069 0.997134566 -0.066714115 -6.115733147 -0.999237597 -0.034519989 0.018239038 -41.786922455
0.014268230 0.062836729 0.997921884 153.215332031 -0.037555195 0.997353017 -0.062263943 -6.184470177 -0.999192774 -0.036588751 0.016590308 -41.770641327
0.011271114 0.060129926 0.998126924 153.977416992 -0.035917252 0.997570515 -0.059690822 -6.236806393 -0.999291182 -0.035177194 0.013403433 -41.761901855
0.008684608 0.060547259 0.998127520 154.721649170 -0.033984661 0.997606397 -0.060219947 -6.288606644 -0.999384582 -0.033398043 0.010721499 -41.757656097
0.004512871 0.060386222 0.998164952 155.462615967 -0.032709487 0.997649789 -0.060207184 -6.347155571 -0.999454618 -0.032377753 0.006477469 -41.747322083
0.000553560 0.059328932 0.998238444 156.205535889 -0.031728096 0.997736871 -0.059281554 -6.401722908 -0.999496400 -0.031639382 0.002434702 -41.749725342
-0.004524588 0.059470586 0.998219728 156.943740845 -0.032552231 0.997692168 -0.059586700 -6.452937126 -0.999459803 -0.032763887 -0.002578246 -41.750984192
-0.010630951 0.057523917 0.998287499 157.681747437 -0.033841476 0.997751296 -0.057853401 -6.506052971 -0.999370754 -0.034398556 -0.008660353 -41.750568390
-0.016247494 0.054938592 0.998357534 158.430953979 -0.031576566 0.997963071 -0.055430770 -6.566601753 -0.999369204 -0.032425318 -0.014479630 -41.771369934
-0.021279924 0.054702897 0.998275876 159.165893555 -0.032075189 0.997950673 -0.055368811 -6.618424892 -0.999258876 -0.033198133 -0.019481707 -41.787517548
-0.027104147 0.056534793 0.998032689 159.885650635 -0.034629188 0.997747004 -0.057459064 -6.664956570 -0.999032617 -0.036118433 -0.025085330 -41.793537140
-0.030819826 0.058339931 0.997820854 160.610427856 -0.033712585 0.997666419 -0.059372202 -6.727269173 -0.998956263 -0.035468962 -0.028781116 -41.814285278
-0.033241108 0.060389698 0.997621179 161.329452515 -0.033435531 0.997546911 -0.061499294 -6.783293724 -0.998887897 -0.035400305 -0.031140409 -41.837951660
-0.034093276 0.061779980 0.997507215 162.049407959 -0.030375756 0.997562349 -0.062821582 -6.838142872 -0.998956919 -0.032441840 -0.032133561 -41.870452881
-0.033941627 0.060513116 0.997590125 162.777587891 -0.027535135 0.997729838 -0.061458427 -6.890975952 -0.999044418 -0.029554784 -0.032198336 -41.889797211
-0.029665304 0.056991681 0.997933805 163.497528076 -0.024559695 0.998030245 -0.057727266 -6.944951057 -0.999258101 -0.026221447 -0.028207175 -41.916736603
-0.022138841 0.056695562 0.998145998 164.198928833 -0.023755215 0.998079002 -0.057218652 -7.000982285 -0.999472558 -0.024977928 -0.020749498 -41.929058075
-0.011170328 0.057839055 0.998263419 164.894180298 -0.021225663 0.998087108 -0.058066338 -7.050683975 -0.999712229 -0.021837423 -0.009921288 -41.928005219
0.003032668 0.057812516 0.998322845 165.585433960 -0.019365020 0.998143673 -0.057743315 -7.102273941 -0.999807835 -0.019157425 0.004146576 -41.920158386
0.018514872 0.055438891 0.998290420 166.261337280 -0.019681156 0.998288274 -0.055073749 -7.151525497 -0.999634862 -0.018627826 0.019574281 -41.901840210
0.034314722 0.050504863 0.998134136 166.943786621 -0.024693180 0.998460233 -0.049672436 -7.198665619 -0.999105990 -0.022942610 0.035509013 -41.858543396
0.050764769 0.043790545 0.997750103 167.628265381 -0.025975531 0.998758137 -0.042513169 -7.243589401 -0.998372734 -0.023758920 0.051839203 -41.811660767
0.067976840 0.036920682 0.997003615 168.308135986 -0.026652865 0.999025583 -0.035178352 -7.277935982 -0.997330844 -0.024181679 0.068894640 -41.757957458
0.085656062 0.029530358 0.995886981 168.979980469 -0.027001029 0.999262333 -0.027308092 -7.311435223 -0.995958805 -0.024550872 0.086390235 -41.690288544
0.102739453 0.023577090 0.994428754 169.640975952 -0.028805243 0.999370396 -0.020718239 -7.344599724 -0.994291127 -0.026516182 0.103353903 -41.607826233
0.120441757 0.021216761 0.992493570 170.280090332 -0.030082684 0.999390423 -0.017713584 -7.375627041 -0.992264450 -0.027723417 0.121006601 -41.517517090
0.138033047 0.019753207 0.990230620 170.923370361 -0.028647821 0.999462366 -0.015944006 -7.398761272 -0.990013301 -0.026167149 0.138524726 -41.415878296
0.155499309 0.019323861 0.987646997 171.566253662 -0.029418105 0.999455690 -0.014923197 -7.417074203 -0.987397790 -0.026734157 0.155983165 -41.301292419
0.171418861 0.018631356 0.985022068 172.179931641 -0.035948250 0.999273598 -0.012645013 -7.439839363 -0.984542191 -0.033242229 0.171964124 -41.178115845
0.186324060 0.014922077 0.982375026 172.808776855 -0.038018599 0.999245226 -0.007967464 -7.459313393 -0.981752455 -0.035863992 0.186750755 -41.046478271
0.197765499 0.011343456 0.980183840 173.429428101 -0.034453761 0.999395669 -0.004614271 -7.473735332 -0.979643703 -0.032858480 0.198036820 -40.912387848
0.208788961 0.010125017 0.977908313 174.044525146 -0.032385390 0.999469578 -0.003433791 -7.489257812 -0.977424383 -0.030953007 0.209006101 -40.778606415
0.218577310 0.014219210 0.975716054 174.647109985 -0.037156854 0.999289989 -0.006238976 -7.505829811 -0.975111902 -0.034890834 0.218950495 -40.628620148
0.227750763 0.021134228 0.973490059 175.239028931 -0.041067265 0.999083281 -0.012082050 -7.524662018 -0.972853065 -0.037226878 0.228409931 -40.475055695
0.236701727 0.030909255 0.971090615 175.823654175 -0.040613163 0.998934984 -0.021896135 -7.543087959 -0.970733166 -0.034256201 0.237704977 -40.327205658
0.244956627 0.036300700 0.968854249 176.420242310 -0.035170447 0.998973787 -0.028537018 -7.563895226 -0.968895912 -0.027084710 0.245981947 -40.177310944
0.250942200 0.034450777 0.967388928 177.020919800 -0.035028420 0.999035060 -0.026491340 -7.582058907 -0.967368066 -0.027238306 0.251906842 -40.010189056
0.257156610 0.027289331 0.965984404 177.622497559 -0.037906986 0.999116600 -0.018134033 -7.595666885 -0.965625942 -0.031954270 0.257963955 -39.843799591
0.261303544 0.016931236 0.965108156 178.237075806 -0.042305037 0.999086261 -0.006073215 -7.614122391 -0.964329064 -0.039241977 0.261781156 -39.661064148
0.263257504 0.008767707 0.964685619 178.844619751 -0.042456817 0.999095201 0.002505794 -7.634106159 -0.963790774 -0.041617155 0.263391584 -39.487957001
0.264624476 0.007989229 0.964318454 179.447082520 -0.039401740 0.999220252 0.002534085 -7.650060654 -0.963546157 -0.038666409 0.264732957 -39.328235626
0.265383184 0.010035392 0.964090765 180.049728394 -0.035442822 0.999371469 -0.000646364 -7.655580044 -0.963491321 -0.033998564 0.265572131 -39.159755707
0.267290384 0.009485000 0.963569343 180.657028198 -0.031961277 0.999488652 -0.000972640 -7.660447121 -0.963085890 -0.030536929 0.267456919 -38.994087219
0.268944472 0.007207411 0.963128746 181.263397217 -0.034208909 0.999412596 0.002073575 -7.665323257 -0.962548018 -0.033505257 0.269033015 -38.818244934
0.272157371 0.003651534 0.962245822 181.875991821 -0.034558605 0.999384761 0.005981933 -7.673029423 -0.961631954 -0.034881901 0.272116095 -38.644943237
0.274705976 -0.001203616 0.961527526 182.476806641 -0.034098595 0.999358118 0.010992853 -7.680881500 -0.960923493 -0.035806552 0.274488539 -38.460987091
0.279436231 -0.003819545 0.960156679 183.098876953 -0.032723397 0.999373317 0.013499102 -7.680657387 -0.959606528 -0.035191726 0.279136121 -38.282096863
0.285321236 -0.006184636 0.958411872 183.707015991 -0.030811837 0.999403179 0.015621901 -7.678931236 -0.957936585 -0.033987697 0.284960389 -38.090400696
0.293150008 -0.009240945 0.956021786 184.330276489 -0.029481724 0.999390304 0.018700283 -7.680026531 -0.955611825 -0.033667158 0.292698830 -37.894107819
0.303283423 -0.011566872 0.952830195 184.944152832 -0.026475295 0.999438047 0.020559691 -7.686723709 -0.952532530 -0.031461876 0.302806735 -37.707019806
0.314404577 -0.009211016 0.949244380 185.558486938 -0.028179400 0.999421716 0.019031366 -7.684910774 -0.948870778 -0.032732684 0.313963175 -37.493377686
0.325621188 -0.005723022 0.945483088 186.168594360 -0.029363120 0.999438107 0.016162174 -7.686729908 -0.945044219 -0.033025075 0.325270236 -37.267322540
0.337418944 -0.002715610 0.941350639 186.781463623 -0.030220021 0.999449193 0.013715317 -7.685346127 -0.940869331 -0.033075444 0.337151051 -37.039531708
0.349214524 -0.002343955 0.937039912 187.401916504 -0.028928809 0.999493301 0.013281319 -7.680556774 -0.936596215 -0.031745479 0.348969728 -36.805004120
0.360672653 -0.005468040 0.932676435 188.035827637 -0.027744077 0.999477386 0.016588511 -7.676923752 -0.932279706 -0.031859268 0.360332459 -36.556312561
